50           0.1942          2.5984          0.4871          0.1699
150           6.8245          3.0979          4.2405          1.3217
250           32.1758          8.6661          8.5054          6.4157
350           103.151          30.4849          23.2818          14.2285
450           208.4          64.3559          61.3921          37.559
550           216.566          70.7068          68.4943          38.0563
650           358.56          112.853          108.924          62.9437
750           575.732          174.596          161.635          99.2652
850           835.527          259.009          245.941          144.514
950           1159.9          363.808          333.378          200.443
1050           1575.74          506.568          460.508          268.74
1150           2024.06          645.787          597.298          353.234
1250           2537.79          845.266          796.993          481.415
1350           3225.67          1094.85          986.787          577.408
1450           4087.07          1351.8          1232.98          724.678
1550           4985.23          1651.57          1463.35          886.362
1650           5999.97          2007.88          1761.22          1065.89
1750           7258.98          2382.1          2140.04          1269.58
1850           8571.67          2888.29          2638.62          1567.26
1950           10191.3          3387.64          3078.22          1811.28
