50           0.000325950          0.000220730          0.000168240          0.000119040
150           0.008648280          0.002059350          0.002257080          0.001693160
250           0.039920010          0.008746440          0.009312340          0.007216730
350           0.109456860          0.023476660          0.024740700          0.019041500
450           0.236993310          0.048934790          0.051324910          0.039646930
550           0.439253730          0.088433260          0.092539600          0.071692520
650           0.738735320          0.145316020          0.152024390          0.117870700
750           1.139663980          0.225353020          0.234274170          0.181735250
850           1.657083860          0.326818360          0.336572800          0.265079460
950           2.335691180          0.456142590          0.468169880          0.369652820
1050           3.163977150          0.615038130          0.627087550          0.500613870
1150           4.090640330          0.822389130          0.822762710          0.658682420
1250           5.316301410          1.033172050          1.039704410          0.841229890
1350           6.730008760          1.306503100          1.307781040          1.057583700
1450           8.340069010          1.609259050          1.615544230          1.306042490
1550           10.184230110          1.979399060          1.978884790          1.598937780
1650           12.366943220          2.358048000          2.372577960          1.922085540
1750           14.742110990          2.820010370          2.830845640          2.292973090
1850           17.451332980          3.323188250          3.333263770          2.698512630
1950           20.543696100          3.922357780          3.928678440          3.161102140
