50        0.0001545      0.0001592         5.87e-05      0.0001261      7.23e-05      
150        0.0043287      0.005813         0.002293      0.0014907      0.0017327      
250        0.0244661      0.0237689         0.0051435      0.0058654      0.0053455      
350        0.0622955      0.063543         0.0184174      0.0173912      0.0192156      
450        0.134675      0.127334         0.0330733      0.0334765      0.0332644      
550        0.241517      0.2361         0.0601359      0.0613204      0.0651496      
650        0.42925      0.593866         0.221771      0.115841      0.0993363      
750        0.653349      0.661969         0.151669      0.157568      0.160785      
850        0.989596      1.19144         0.309785      0.316841      0.281908      
950        1.3949      1.36446         0.365113      0.419483      0.421108      
1050        2.22398      2.08603         0.655201      0.456961      0.661197      
1150        2.66545      2.98335         0.746312      0.757259      0.659203      
1250        3.46486      3.17071         0.746099      0.734864      0.754606      
1350        4.3797      4.24499         1.10145      1.09947      0.967008      
1450        5.47279      5.22648         1.19003      1.24681      1.20062      
